[gd_scene load_steps=2 format=2]

[sub_resource type="CubeMesh" id=1]

[node name="Spatial" type="Spatial"]
transform = Transform( -0.549139, 0.0991115, 0.829834, 0.823589, -0.104464, 0.557483, 0.14194, 0.989578, -0.0242622, 2.64998, -3.71692, -3.9827 )

[node name="MeshInstance" type="MeshInstance" parent="."]
transform = Transform( 0.625556, -2.98023e-08, 0.78018, 4.47035e-08, 1, 3.72529e-08, -0.78018, 1.11759e-08, 0.625556, 5.1916, 5.49557, 3.10525 )
mesh = SubResource( 1 )
material/0 = null

[node name="Camera" type="Camera" parent="."]
transform = Transform( 0.612499, -0.65321, 0.445154, 0.636112, 0.0729924, -0.768136, 0.469261, 0.753651, 0.460222, 6.13228, -8.01224, 7.02467 )
